{
  "version": "1.0",
  "n_archetypes": 30,
  "indexing": "M[i][j] where i = archetype_id - 1 (0-indexed)",
  "ids_present": [
    1,
    2,
    3,
    4,
    5,
    6,
    7,
    8,
    9,
    10,
    11,
    12,
    13,
    14,
    15,
    16,
    17,
    18,
    19,
    20,
    21,
    22,
    23,
    24,
    25,
    26,
    27,
    28,
    29,
    30
  ],
  "ids_missing": [],
  "rescale_skipped": false,
  "rescale_note": "M_rescaled is only meaningful at full coverage. With partial coverage, trust M_raw only.",
  "M_raw": [
    [
      1.0,
      0.8584951162338257,
      0.8496663570404053,
      0.8152909874916077,
      0.8368411064147949,
      0.8594585061073303,
      0.7867433428764343,
      0.813484787940979,
      0.7604604363441467,
      0.847679615020752,
      0.7990859746932983,
      0.8414074182510376,
      0.8173384666442871,
      0.8484285473823547,
      0.8472657203674316,
      0.8515259027481079,
      0.8224734663963318,
      0.8888989090919495,
      0.7652580738067627,
      0.8744624853134155,
      0.8160402774810791,
      0.7307261824607849,
      0.7965959310531616,
      0.779093861579895,
      0.8304882049560547,
      0.8556610345840454,
      0.736830472946167,
      0.8115427494049072,
      0.8583162426948547,
      0.8807260990142822
    ],
    [
      0.8584951162338257,
      1.0,
      0.8654025793075562,
      0.9085856676101685,
      0.8339990377426147,
      0.857754111289978,
      0.856927752494812,
      0.8470823764801025,
      0.7606629133224487,
      0.8033632636070251,
      0.8268044590950012,
      0.8464648723602295,
      0.8470097780227661,
      0.797486424446106,
      0.8597822189331055,
      0.8644888997077942,
      0.8427295684814453,
      0.8795340061187744,
      0.8628753423690796,
      0.9023830890655518,
      0.8758757710456848,
      0.7929939031600952,
      0.8261071443557739,
      0.865189790725708,
      0.866195559501648,
      0.8813819885253906,
      0.7994062304496765,
      0.7865831851959229,
      0.7965430021286011,
      0.8356736898422241
    ],
    [
      0.8496663570404053,
      0.8654025793075562,
      1.0,
      0.8272861242294312,
      0.8779091238975525,
      0.8710249662399292,
      0.7493480443954468,
      0.8387627601623535,
      0.7417117953300476,
      0.8410824537277222,
      0.7847616672515869,
      0.7913526296615601,
      0.7898362874984741,
      0.8010220527648926,
      0.9243483543395996,
      0.8741084337234497,
      0.8211194276809692,
      0.8947890996932983,
      0.7887486219406128,
      0.8647067546844482,
      0.7744154930114746,
      0.8120998740196228,
      0.793190598487854,
      0.7705656290054321,
      0.8037023544311523,
      0.8581166863441467,
      0.7350777387619019,
      0.7566345930099487,
      0.8109387159347534,
      0.8430002331733704
    ],
    [
      0.8152909874916077,
      0.9085856676101685,
      0.8272861242294312,
      1.0,
      0.8358659148216248,
      0.8297171592712402,
      0.8477557301521301,
      0.8559581637382507,
      0.7721764445304871,
      0.8075411319732666,
      0.8534156680107117,
      0.8379977941513062,
      0.8947973847389221,
      0.7806908488273621,
      0.8584450483322144,
      0.8769758343696594,
      0.8471180200576782,
      0.8439841270446777,
      0.9200379252433777,
      0.8755440711975098,
      0.7903333306312561,
      0.813062310218811,
      0.8475320339202881,
      0.7968190908432007,
      0.8692032694816589,
      0.8563019633293152,
      0.8179593086242676,
      0.7363450527191162,
      0.8314098715782166,
      0.8128100037574768
    ],
    [
      0.8368411064147949,
      0.8339990377426147,
      0.8779091238975525,
      0.8358659148216248,
      1.0,
      0.8512215614318848,
      0.7727595567703247,
      0.8672562837600708,
      0.781550407409668,
      0.8326842784881592,
      0.7348565459251404,
      0.788411021232605,
      0.7891902327537537,
      0.7990719079971313,
      0.8809674978256226,
      0.8789287805557251,
      0.8097249865531921,
      0.8317062854766846,
      0.7747277021408081,
      0.8433725833892822,
      0.7508785128593445,
      0.7585525512695312,
      0.7971261739730835,
      0.7217445373535156,
      0.7934200763702393,
      0.8207470178604126,
      0.7424059510231018,
      0.7710161209106445,
      0.805495023727417,
      0.8015029430389404
    ],
    [
      0.8594585061073303,
      0.857754111289978,
      0.8710249662399292,
      0.8297171592712402,
      0.8512215614318848,
      1.0,
      0.7914773225784302,
      0.8756123781204224,
      0.7611894607543945,
      0.8239463567733765,
      0.8032961487770081,
      0.8388568162918091,
      0.8018742203712463,
      0.8377238512039185,
      0.8626019954681396,
      0.8764575719833374,
      0.79319167137146,
      0.8488675951957703,
      0.7706702947616577,
      0.891796350479126,
      0.7679396867752075,
      0.7905381917953491,
      0.7853274345397949,
      0.7427570223808289,
      0.8297082185745239,
      0.8879139423370361,
      0.7224839329719543,
      0.8059499263763428,
      0.8282644748687744,
      0.8737559914588928
    ],
    [
      0.7867433428764343,
      0.856927752494812,
      0.7493480443954468,
      0.8477557301521301,
      0.7727595567703247,
      0.7914773225784302,
      1.0,
      0.7416410446166992,
      0.8122680187225342,
      0.7522873878479004,
      0.8394358158111572,
      0.8346793055534363,
      0.8362492918968201,
      0.8212741613388062,
      0.7428814172744751,
      0.7824586629867554,
      0.7604759335517883,
      0.7747056484222412,
      0.8081085681915283,
      0.853136420249939,
      0.8586168885231018,
      0.8155462741851807,
      0.7631479501724243,
      0.83526611328125,
      0.8171699047088623,
      0.8048263192176819,
      0.790362536907196,
      0.738768458366394,
      0.7798439264297485,
      0.7897746562957764
    ],
    [
      0.813484787940979,
      0.8470823764801025,
      0.8387627601623535,
      0.8559581637382507,
      0.8672562837600708,
      0.8756123781204224,
      0.7416410446166992,
      1.0,
      0.7402640581130981,
      0.8254457712173462,
      0.7664538025856018,
      0.8078958988189697,
      0.8072252869606018,
      0.7823244333267212,
      0.8872711658477783,
      0.8988603353500366,
      0.8065313696861267,
      0.8312562704086304,
      0.8173367977142334,
      0.8672217130661011,
      0.7512822151184082,
      0.7319632768630981,
      0.7860314846038818,
      0.7300673127174377,
      0.8300449252128601,
      0.8465868234634399,
      0.7309051752090454,
      0.7917201519012451,
      0.8166148662567139,
      0.8118273019790649
    ],
    [
      0.7604604363441467,
      0.7606629133224487,
      0.7417117953300476,
      0.7721764445304871,
      0.781550407409668,
      0.7611894607543945,
      0.8122680187225342,
      0.7402640581130981,
      1.0,
      0.7272157669067383,
      0.804369330406189,
      0.7590742111206055,
      0.7775001525878906,
      0.8337372541427612,
      0.7361257076263428,
      0.7504489421844482,
      0.7077797651290894,
      0.7391431927680969,
      0.7469494342803955,
      0.786327064037323,
      0.7399042248725891,
      0.7795484662055969,
      0.753272533416748,
      0.704172670841217,
      0.740726113319397,
      0.7405382394790649,
      0.724682092666626,
      0.7020315527915955,
      0.7363727688789368,
      0.7503307461738586
    ],
    [
      0.847679615020752,
      0.8033632636070251,
      0.8410824537277222,
      0.8075411319732666,
      0.8326842784881592,
      0.8239463567733765,
      0.7522873878479004,
      0.8254457712173462,
      0.7272157669067383,
      1.0,
      0.7856791615486145,
      0.8307607173919678,
      0.8175837993621826,
      0.8074356317520142,
      0.8713670969009399,
      0.8514550924301147,
      0.8939427733421326,
      0.9130542278289795,
      0.7902144193649292,
      0.8521819710731506,
      0.7314695119857788,
      0.7715753316879272,
      0.7871999740600586,
      0.7066817283630371,
      0.7892930507659912,
      0.8748304843902588,
      0.7037140130996704,
      0.7555740475654602,
      0.8832527995109558,
      0.871885359287262
    ],
    [
      0.7990859746932983,
      0.8268044590950012,
      0.7847616672515869,
      0.8534156680107117,
      0.7348565459251404,
      0.8032961487770081,
      0.8394358158111572,
      0.7664538025856018,
      0.804369330406189,
      0.7856791615486145,
      1.0,
      0.8562461733818054,
      0.8644921779632568,
      0.8355296850204468,
      0.7744190692901611,
      0.8001633882522583,
      0.7738877534866333,
      0.8049983978271484,
      0.8259143829345703,
      0.8572093844413757,
      0.7948411703109741,
      0.8419039249420166,
      0.8219358921051025,
      0.7720714807510376,
      0.830991268157959,
      0.8252075910568237,
      0.7688809633255005,
      0.7591440677642822,
      0.843744158744812,
      0.8341794013977051
    ],
    [
      0.8414074182510376,
      0.8464648723602295,
      0.7913526296615601,
      0.8379977941513062,
      0.788411021232605,
      0.8388568162918091,
      0.8346793055534363,
      0.8078958988189697,
      0.7590742111206055,
      0.8307607173919678,
      0.8562461733818054,
      1.0,
      0.9241253137588501,
      0.8825072050094604,
      0.7962532043457031,
      0.8302193284034729,
      0.7810639142990112,
      0.8110173940658569,
      0.8380467891693115,
      0.8671196103096008,
      0.8229548931121826,
      0.7949784398078918,
      0.8091413974761963,
      0.7737902402877808,
      0.8790537118911743,
      0.8266460299491882,
      0.7431045770645142,
      0.8033141493797302,
      0.8697506189346313,
      0.8483964204788208
    ],
    [
      0.8173384666442871,
      0.8470097780227661,
      0.7898362874984741,
      0.8947973847389221,
      0.7891902327537537,
      0.8018742203712463,
      0.8362492918968201,
      0.8072252869606018,
      0.7775001525878906,
      0.8175837993621826,
      0.8644921779632568,
      0.9241253137588501,
      1.0,
      0.8396612405776978,
      0.7990022897720337,
      0.842471182346344,
      0.7993727922439575,
      0.8035897016525269,
      0.9111714363098145,
      0.8501739501953125,
      0.797809362411499,
      0.8109384179115295,
      0.843673825263977,
      0.7687475085258484,
      0.8980504274368286,
      0.8108854293823242,
      0.7781548500061035,
      0.7525768876075745,
      0.8612473011016846,
      0.804696261882782
    ],
    [
      0.8484285473823547,
      0.797486424446106,
      0.8010220527648926,
      0.7806908488273621,
      0.7990719079971313,
      0.8377238512039185,
      0.8212741613388062,
      0.7823244333267212,
      0.8337372541427612,
      0.8074356317520142,
      0.8355296850204468,
      0.8825072050094604,
      0.8396612405776978,
      1.0,
      0.7942764163017273,
      0.8175575137138367,
      0.7371766567230225,
      0.797249436378479,
      0.7592753767967224,
      0.8538082838058472,
      0.7921162843704224,
      0.7876615524291992,
      0.7793565988540649,
      0.7457438111305237,
      0.8251959085464478,
      0.7968964576721191,
      0.7334591150283813,
      0.802047073841095,
      0.8302135467529297,
      0.8600560426712036
    ],
    [
      0.8472657203674316,
      0.8597822189331055,
      0.9243483543395996,
      0.8584450483322144,
      0.8809674978256226,
      0.8626019954681396,
      0.7428814172744751,
      0.8872711658477783,
      0.7361257076263428,
      0.8713670969009399,
      0.7744190692901611,
      0.7962532043457031,
      0.7990022897720337,
      0.7942764163017273,
      1.0,
      0.9167985916137695,
      0.8628072738647461,
      0.8917137980461121,
      0.823409914970398,
      0.8795605897903442,
      0.7389193773269653,
      0.7767941951751709,
      0.79184889793396,
      0.7525856494903564,
      0.820930004119873,
      0.865132212638855,
      0.7367671132087708,
      0.7539158463478088,
      0.8563350439071655,
      0.8376774191856384
    ],
    [
      0.8515259027481079,
      0.8644888997077942,
      0.8741084337234497,
      0.8769758343696594,
      0.8789287805557251,
      0.8764575719833374,
      0.7824586629867554,
      0.8988603353500366,
      0.7504489421844482,
      0.8514550924301147,
      0.8001633882522583,
      0.8302193284034729,
      0.842471182346344,
      0.8175575137138367,
      0.9167985916137695,
      1.0,
      0.8320387601852417,
      0.8522471189498901,
      0.8401203155517578,
      0.88651442527771,
      0.7579159140586853,
      0.7858666181564331,
      0.7868475914001465,
      0.7821221351623535,
      0.8430574536323547,
      0.866362988948822,
      0.741750180721283,
      0.769348680973053,
      0.8554047346115112,
      0.8330180644989014
    ],
    [
      0.8224734663963318,
      0.8427295684814453,
      0.8211194276809692,
      0.8471180200576782,
      0.8097249865531921,
      0.79319167137146,
      0.7604759335517883,
      0.8065313696861267,
      0.7077797651290894,
      0.8939427733421326,
      0.7738877534866333,
      0.7810639142990112,
      0.7993727922439575,
      0.7371766567230225,
      0.8628072738647461,
      0.8320387601852417,
      1.0,
      0.9049947261810303,
      0.8467002511024475,
      0.8507040739059448,
      0.738593578338623,
      0.7584825754165649,
      0.8108181357383728,
      0.7690225839614868,
      0.8217629194259644,
      0.8873615860939026,
      0.783774733543396,
      0.7468700408935547,
      0.8306386470794678,
      0.836493968963623
    ],
    [
      0.8888989090919495,
      0.8795340061187744,
      0.8947890996932983,
      0.8439841270446777,
      0.8317062854766846,
      0.8488675951957703,
      0.7747056484222412,
      0.8312562704086304,
      0.7391431927680969,
      0.9130542278289795,
      0.8049983978271484,
      0.8110173940658569,
      0.8035897016525269,
      0.797249436378479,
      0.8917137980461121,
      0.8522471189498901,
      0.9049947261810303,
      1.0,
      0.8178499937057495,
      0.8782662153244019,
      0.813834547996521,
      0.7689868211746216,
      0.8036786317825317,
      0.7957502603530884,
      0.8390654921531677,
      0.915205717086792,
      0.7733199596405029,
      0.7650225162506104,
      0.8543428182601929,
      0.8849638104438782
    ],
    [
      0.7652580738067627,
      0.8628753423690796,
      0.7887486219406128,
      0.9200379252433777,
      0.7747277021408081,
      0.7706702947616577,
      0.8081085681915283,
      0.8173367977142334,
      0.7469494342803955,
      0.7902144193649292,
      0.8259143829345703,
      0.8380467891693115,
      0.9111714363098145,
      0.7592753767967224,
      0.823409914970398,
      0.8401203155517578,
      0.8467002511024475,
      0.8178499937057495,
      1.0,
      0.8420841693878174,
      0.7629386186599731,
      0.8052846193313599,
      0.8508477210998535,
      0.7860004901885986,
      0.8694751262664795,
      0.8374544382095337,
      0.8234047889709473,
      0.7336597442626953,
      0.8129187822341919,
      0.768418550491333
    ],
    [
      0.8744624853134155,
      0.9023830890655518,
      0.8647067546844482,
      0.8755440711975098,
      0.8433725833892822,
      0.891796350479126,
      0.853136420249939,
      0.8672217130661011,
      0.786327064037323,
      0.8521819710731506,
      0.8572093844413757,
      0.8671196103096008,
      0.8501739501953125,
      0.8538082838058472,
      0.8795605897903442,
      0.88651442527771,
      0.8507040739059448,
      0.8782662153244019,
      0.8420841693878174,
      1.0,
      0.8253199458122253,
      0.8347171545028687,
      0.8392739295959473,
      0.8525824546813965,
      0.8586235046386719,
      0.895077645778656,
      0.8159314393997192,
      0.8328354358673096,
      0.8418897986412048,
      0.8866819739341736
    ],
    [
      0.8160402774810791,
      0.8758757710456848,
      0.7744154930114746,
      0.7903333306312561,
      0.7508785128593445,
      0.7679396867752075,
      0.8586168885231018,
      0.7512822151184082,
      0.7399042248725891,
      0.7314695119857788,
      0.7948411703109741,
      0.8229548931121826,
      0.797809362411499,
      0.7921162843704224,
      0.7389193773269653,
      0.7579159140586853,
      0.738593578338623,
      0.813834547996521,
      0.7629386186599731,
      0.8253199458122253,
      1.0,
      0.7592746019363403,
      0.7662919759750366,
      0.8693016171455383,
      0.8156788349151611,
      0.7801785469055176,
      0.7996535897254944,
      0.7959514260292053,
      0.7431043386459351,
      0.776008129119873
    ],
    [
      0.7307261824607849,
      0.7929939031600952,
      0.8120998740196228,
      0.813062310218811,
      0.7585525512695312,
      0.7905381917953491,
      0.8155462741851807,
      0.7319632768630981,
      0.7795484662055969,
      0.7715753316879272,
      0.8419039249420166,
      0.7949784398078918,
      0.8109384179115295,
      0.7876615524291992,
      0.7767941951751709,
      0.7858666181564331,
      0.7584825754165649,
      0.7689868211746216,
      0.8052846193313599,
      0.8347171545028687,
      0.7592746019363403,
      1.0,
      0.7798277139663696,
      0.744664192199707,
      0.758580207824707,
      0.7759397029876709,
      0.770786702632904,
      0.7335543632507324,
      0.7542491555213928,
      0.8074748516082764
    ],
    [
      0.7965959310531616,
      0.8261071443557739,
      0.793190598487854,
      0.8475320339202881,
      0.7971261739730835,
      0.7853274345397949,
      0.7631479501724243,
      0.7860314846038818,
      0.753272533416748,
      0.7871999740600586,
      0.8219358921051025,
      0.8091413974761963,
      0.843673825263977,
      0.7793565988540649,
      0.79184889793396,
      0.7868475914001465,
      0.8108181357383728,
      0.8036786317825317,
      0.8508477210998535,
      0.8392739295959473,
      0.7662919759750366,
      0.7798277139663696,
      1.0,
      0.8007093667984009,
      0.8339885473251343,
      0.8163853883743286,
      0.8054083585739136,
      0.7945060729980469,
      0.7777773141860962,
      0.7967386245727539
    ],
    [
      0.779093861579895,
      0.865189790725708,
      0.7705656290054321,
      0.7968190908432007,
      0.7217445373535156,
      0.7427570223808289,
      0.83526611328125,
      0.7300673127174377,
      0.704172670841217,
      0.7066817283630371,
      0.7720714807510376,
      0.7737902402877808,
      0.7687475085258484,
      0.7457438111305237,
      0.7525856494903564,
      0.7821221351623535,
      0.7690225839614868,
      0.7957502603530884,
      0.7860004901885986,
      0.8525824546813965,
      0.8693016171455383,
      0.744664192199707,
      0.8007093667984009,
      1.0,
      0.7986035346984863,
      0.8011510968208313,
      0.8412790894508362,
      0.7675070762634277,
      0.6941242218017578,
      0.7308958768844604
    ],
    [
      0.8304882049560547,
      0.866195559501648,
      0.8037023544311523,
      0.8692032694816589,
      0.7934200763702393,
      0.8297082185745239,
      0.8171699047088623,
      0.8300449252128601,
      0.740726113319397,
      0.7892930507659912,
      0.830991268157959,
      0.8790537118911743,
      0.8980504274368286,
      0.8251959085464478,
      0.820930004119873,
      0.8430574536323547,
      0.8217629194259644,
      0.8390654921531677,
      0.8694751262664795,
      0.8586235046386719,
      0.8156788349151611,
      0.758580207824707,
      0.8339885473251343,
      0.7986035346984863,
      1.0,
      0.8370299339294434,
      0.8227514028549194,
      0.7935569882392883,
      0.8129504323005676,
      0.8278787136077881
    ],
    [
      0.8556610345840454,
      0.8813819885253906,
      0.8581166863441467,
      0.8563019633293152,
      0.8207470178604126,
      0.8879139423370361,
      0.8048263192176819,
      0.8465868234634399,
      0.7405382394790649,
      0.8748304843902588,
      0.8252075910568237,
      0.8266460299491882,
      0.8108854293823242,
      0.7968964576721191,
      0.865132212638855,
      0.866362988948822,
      0.8873615860939026,
      0.915205717086792,
      0.8374544382095337,
      0.895077645778656,
      0.7801785469055176,
      0.7759397029876709,
      0.8163853883743286,
      0.8011510968208313,
      0.8370299339294434,
      1.0,
      0.7688041925430298,
      0.771757960319519,
      0.8429288864135742,
      0.8661114573478699
    ],
    [
      0.736830472946167,
      0.7994062304496765,
      0.7350777387619019,
      0.8179593086242676,
      0.7424059510231018,
      0.7224839329719543,
      0.790362536907196,
      0.7309051752090454,
      0.724682092666626,
      0.7037140130996704,
      0.7688809633255005,
      0.7431045770645142,
      0.7781548500061035,
      0.7334591150283813,
      0.7367671132087708,
      0.741750180721283,
      0.783774733543396,
      0.7733199596405029,
      0.8234047889709473,
      0.8159314393997192,
      0.7996535897254944,
      0.770786702632904,
      0.8054083585739136,
      0.8412790894508362,
      0.8227514028549194,
      0.7688041925430298,
      1.0,
      0.7881666421890259,
      0.6840659379959106,
      0.735804557800293
    ],
    [
      0.8115427494049072,
      0.7865831851959229,
      0.7566345930099487,
      0.7363450527191162,
      0.7710161209106445,
      0.8059499263763428,
      0.738768458366394,
      0.7917201519012451,
      0.7020315527915955,
      0.7555740475654602,
      0.7591440677642822,
      0.8033141493797302,
      0.7525768876075745,
      0.802047073841095,
      0.7539158463478088,
      0.769348680973053,
      0.7468700408935547,
      0.7650225162506104,
      0.7336597442626953,
      0.8328354358673096,
      0.7959514260292053,
      0.7335543632507324,
      0.7945060729980469,
      0.7675070762634277,
      0.7935569882392883,
      0.771757960319519,
      0.7881666421890259,
      1.0,
      0.7703572511672974,
      0.7988195419311523
    ],
    [
      0.8583162426948547,
      0.7965430021286011,
      0.8109387159347534,
      0.8314098715782166,
      0.805495023727417,
      0.8282644748687744,
      0.7798439264297485,
      0.8166148662567139,
      0.7363727688789368,
      0.8832527995109558,
      0.843744158744812,
      0.8697506189346313,
      0.8612473011016846,
      0.8302135467529297,
      0.8563350439071655,
      0.8554047346115112,
      0.8306386470794678,
      0.8543428182601929,
      0.8129187822341919,
      0.8418897986412048,
      0.7431043386459351,
      0.7542491555213928,
      0.7777773141860962,
      0.6941242218017578,
      0.8129504323005676,
      0.8429288864135742,
      0.6840659379959106,
      0.7703572511672974,
      1.0,
      0.8480430245399475
    ],
    [
      0.8807260990142822,
      0.8356736898422241,
      0.8430002331733704,
      0.8128100037574768,
      0.8015029430389404,
      0.8737559914588928,
      0.7897746562957764,
      0.8118273019790649,
      0.7503307461738586,
      0.871885359287262,
      0.8341794013977051,
      0.8483964204788208,
      0.804696261882782,
      0.8600560426712036,
      0.8376774191856384,
      0.8330180644989014,
      0.836493968963623,
      0.8849638104438782,
      0.768418550491333,
      0.8866819739341736,
      0.776008129119873,
      0.8074748516082764,
      0.7967386245727539,
      0.7308958768844604,
      0.8278787136077881,
      0.8661114573478699,
      0.735804557800293,
      0.7988195419311523,
      0.8480430245399475,
      1.0
    ]
  ],
  "M_rescaled": [
    [
      1.0,
      0.7259340108700236,
      0.6891907513016989,
      0.5461283913010044,
      0.635815016111548,
      0.7299434173349838,
      0.4273196784139986,
      0.5386114053387642,
      0.3179362831068125,
      0.680922389222255,
      0.47868686542950484,
      0.654818952836203,
      0.5546495273201746,
      0.6840392729834519,
      0.6791998551325017,
      0.6969297516663483,
      0.5760202119927467,
      0.8524675846569444,
      0.33790294373733337,
      0.7923865183924669,
      0.5492467634269101,
      0.1941891761157154,
      0.46832387808308545,
      0.395484301473233,
      0.6093757054228568,
      0.7141392166736538,
      0.2195938252709444,
      0.5305290888479313,
      0.7251895804547946,
      0.8184542340255057
    ],
    [
      0.7259340108700236,
      1.0,
      0.7546812791006308,
      0.9343993332126104,
      0.6239869817700129,
      0.7228501191932071,
      0.7194110044725359,
      0.6784368201584117,
      0.31877894559282804,
      0.4964879554085933,
      0.5940448047389533,
      0.6758669104277312,
      0.6781346821225073,
      0.4720299062082173,
      0.7312906354573124,
      0.7508787553302061,
      0.6603214371649629,
      0.8134930183292114,
      0.7441635018244871,
      0.9085856318232219,
      0.7982682876612085,
      0.4533330687351629,
      0.5911427416174059,
      0.7537957020988423,
      0.7579814797818057,
      0.8211838949016067,
      0.4800196960263143,
      0.4266531390852014,
      0.46810360010617,
      0.630956497580167
    ],
    [
      0.6891907513016989,
      0.7546812791006308,
      1.0,
      0.5960493839410409,
      0.8067306332743776,
      0.7780803568106329,
      0.27168907068988185,
      0.6438124958139743,
      0.23990876324334515,
      0.6534665254373931,
      0.41907240150126385,
      0.44650246696450496,
      0.44019180059881874,
      0.4867443758418563,
      1.0,
      0.7909130373306675,
      0.5703850151441109,
      0.8769811994731189,
      0.4356651873975199,
      0.7517854174987039,
      0.3760140104731263,
      0.5328477130035943,
      0.4541516693250514,
      0.35999176438194413,
      0.4978991732134042,
      0.724359072947235,
      0.212299349832683,
      0.30201400551191065,
      0.528015240854619,
      0.6614478811888065
    ],
    [
      0.5461283913010044,
      0.9343993332126104,
      0.5960493839410409,
      1.0,
      0.6317564936111945,
      0.6061667911104938,
      0.6812391628444634,
      0.715375799685955,
      0.36669560709156174,
      0.5138752799986108,
      0.7047945188488988,
      0.6406288837016623,
      0.8770156799222082,
      0.40213059408077356,
      0.7257256398107792,
      0.8028464975057488,
      0.6785851605077308,
      0.6655426205637429,
      0.9820609882245546,
      0.7968878293937146,
      0.4422603794833886,
      0.5368531504959976,
      0.6803081907190538,
      0.4692526176614318,
      0.7704988750443409,
      0.7168066142927663,
      0.5572333284548046,
      0.21757361823941337,
      0.6132114693384467,
      0.5358031091938769
    ],
    [
      0.635815016111548,
      0.6239869817700129,
      0.8067306332743776,
      0.6317564936111945,
      1.0,
      0.6956631532990845,
      0.36912238574940404,
      0.7623959695083683,
      0.4057078786585865,
      0.61851525697857,
      0.21137879626023562,
      0.43426017111232934,
      0.4375030697522121,
      0.4786283230842886,
      0.8194588802040051,
      0.8109742091202028,
      0.5229639790934371,
      0.6144450756213302,
      0.3773133528639858,
      0.662997516911544,
      0.27805852746156917,
      0.3099961054456784,
      0.4705306268247971,
      0.15680964063434105,
      0.45510670334658804,
      0.5688351313605886,
      0.24279767914329728,
      0.3618666077935737,
      0.5053598493774915,
      0.48874573025374135
    ],
    [
      0.7299434173349838,
      0.7228501191932071,
      0.7780803568106329,
      0.6061667911104938,
      0.6956631532990845,
      1.0,
      0.44702141012633734,
      0.7971721070531123,
      0.3209703145658812,
      0.582150042046303,
      0.496208638964892,
      0.6442039357324119,
      0.4902909008823522,
      0.6394887963346538,
      0.7430258950653268,
      0.8006896089817849,
      0.45415613441917807,
      0.685866488724397,
      0.3604273591200788,
      0.8645260674675722,
      0.34906319844614725,
      0.4431129644007968,
      0.4214269944707251,
      0.24425875716585593,
      0.6061295819927716,
      0.8483683801878812,
      0.15988683466996753,
      0.5072530492871974,
      0.6001210536629896,
      0.7894462539100581
    ],
    [
      0.4273196784139986,
      0.7194110044725359,
      0.27168907068988185,
      0.6812391628444634,
      0.36912238574940404,
      0.44702141012633734,
      1.0,
      0.23961431509177009,
      0.5335474924775567,
      0.2839219402322345,
      0.646613598196102,
      0.6268180995071032,
      0.6333520205791227,
      0.5710289809414899,
      0.24477646002376421,
      0.40948782889759305,
      0.3180007789108643,
      0.3772215703736044,
      0.5162368186700469,
      0.7036323540720418,
      0.7264407990534001,
      0.5471908356423658,
      0.329121095833323,
      0.6292602579336041,
      0.5539480114207185,
      0.5025768554326552,
      0.44238192926794784,
      0.2276592736284099,
      0.39860589838934135,
      0.4399353057473203
    ],
    [
      0.5386114053387642,
      0.6784368201584117,
      0.6438124958139743,
      0.715375799685955,
      0.7623959695083683,
      0.7971721070531123,
      0.23961431509177009,
      1.0,
      0.23388361484098064,
      0.5883902591491019,
      0.34287929114150134,
      0.515351737789828,
      0.5125608058998777,
      0.40892919601019034,
      0.8456932926844394,
      0.8939247433191029,
      0.5096728822430648,
      0.6125722166959792,
      0.5546425816181997,
      0.7622520942531757,
      0.2797386431571192,
      0.19933767770454472,
      0.4243570884609565,
      0.19144711220037358,
      0.6075308773661898,
      0.6763744427934621,
      0.19493410265251399,
      0.44803200976367247,
      0.5516380693925239,
      0.5317133310346367
    ],
    [
      0.3179362831068125,
      0.31877894559282804,
      0.23990876324334515,
      0.36669560709156174,
      0.4057078786585865,
      0.3209703145658812,
      0.5335474924775567,
      0.23388361484098064,
      1.0,
      0.17957963619405298,
      0.5006749733954808,
      0.31216713343437674,
      0.38885165220885726,
      0.6228974988031067,
      0.21666075455129524,
      0.2762707533854096,
      0.0986914793601024,
      0.22921883178254,
      0.2617066085873683,
      0.42558722189285264,
      0.2323860718830542,
      0.3973762610790148,
      0.28802188888365204,
      0.08367958484547053,
      0.23580658204486427,
      0.2350246944511283,
      0.16903506835314924,
      0.07476874533335648,
      0.21768896650435224,
      0.275778848849122
    ],
    [
      0.680922389222255,
      0.4964879554085933,
      0.6534665254373931,
      0.5138752799986108,
      0.61851525697857,
      0.582150042046303,
      0.2839219402322345,
      0.5883902591491019,
      0.17957963619405298,
      1.0,
      0.42289080116191674,
      0.6105098393310296,
      0.5556705455104719,
      0.5134362124094888,
      0.7795042257154693,
      0.6966350554539884,
      0.8734589843895348,
      0.9529964502501693,
      0.44176549821768324,
      0.6996601567248039,
      0.19728274216313965,
      0.36419391407670537,
      0.42922007208646407,
      0.0941217035822458,
      0.43793097460601743,
      0.7939180456779129,
      0.08177075710632133,
      0.2976002599677025,
      0.828969778754586,
      0.7816611142394332
    ],
    [
      0.47868686542950484,
      0.5940448047389533,
      0.41907240150126385,
      0.7047945188488988,
      0.21137879626023562,
      0.496208638964892,
      0.646613598196102,
      0.34287929114150134,
      0.5006749733954808,
      0.42289080116191674,
      1.0,
      0.7165744293981797,
      0.7508923986733709,
      0.6303571827240547,
      0.37602889412021523,
      0.4831708121758156,
      0.3738176802843769,
      0.5032930069184153,
      0.5903405130393151,
      0.7205830916807855,
      0.4610209685781404,
      0.6568852991737095,
      0.5737829517745028,
      0.366258772049503,
      0.6114693384466929,
      0.5873990082529823,
      0.3529805743599412,
      0.3124578606741796,
      0.6645439278440789,
      0.6247376137048622
    ],
    [
      0.654818952836203,
      0.6758669104277312,
      0.44650246696450496,
      0.6406288837016623,
      0.43426017111232934,
      0.6442039357324119,
      0.6268180995071032,
      0.515351737789828,
      0.31216713343437674,
      0.6105098393310296,
      0.7165744293981797,
      1.0,
      0.9990717565432233,
      0.8258667863973388,
      0.4668975285704009,
      0.6082567032225576,
      0.40368320653292883,
      0.5283426810905745,
      0.6408327896667799,
      0.7618271661287882,
      0.5780237989516951,
      0.4615922525655687,
      0.5205352159493162,
      0.37341185284042,
      0.8114941445251744,
      0.5933854591729157,
      0.2457051996021105,
      0.496283553321906,
      0.7727768172312943,
      0.6839055682204367
    ],
    [
      0.5546495273201746,
      0.6781346821225073,
      0.44019180059881874,
      0.8770156799222082,
      0.4375030697522121,
      0.4902909008823522,
      0.6333520205791227,
      0.5125608058998777,
      0.38885165220885726,
      0.5556705455104719,
      0.7508923986733709,
      0.9990717565432233,
      1.0,
      0.6475517640842712,
      0.47833858808762497,
      0.6592460936627911,
      0.47988053392603325,
      0.4974303383301044,
      0.9451607061794423,
      0.691303236945181,
      0.47337389954034337,
      0.5280140005506949,
      0.6642512161179975,
      0.352425166262741,
      0.8905540933750407,
      0.5277934745129946,
      0.39157635186926204,
      0.28512677146407955,
      0.7373879695480581,
      0.5020355868001896
    ],
    [
      0.6840392729834519,
      0.4720299062082173,
      0.4867443758418563,
      0.40213059408077356,
      0.4786283230842886,
      0.6394887963346538,
      0.5710289809414899,
      0.40892919601019034,
      0.6228974988031067,
      0.5134362124094888,
      0.6303571827240547,
      0.8258667863973388,
      0.6475517640842712,
      1.0,
      0.458670592642021,
      0.5555611507043686,
      0.22103456230914822,
      0.471043616527794,
      0.31300433858312643,
      0.7064284952384733,
      0.44968062173955103,
      0.43114105480406917,
      0.39657775341269624,
      0.2566890830929211,
      0.5873503883391586,
      0.46957460056012124,
      0.20556301116025472,
      0.49101027715831486,
      0.6082326413264306,
      0.7324302267027513
    ],
    [
      0.6791998551325017,
      0.7312906354573124,
      1.0,
      0.7257256398107792,
      0.8194588802040051,
      0.7430258950653268,
      0.24477646002376421,
      0.8456932926844394,
      0.21666075455129524,
      0.7795042257154693,
      0.37602889412021523,
      0.4668975285704009,
      0.47833858808762497,
      0.458670592642021,
      1.0,
      0.9685796287522295,
      0.7438802164082287,
      0.8641825032806039,
      0.5799174949829706,
      0.8136036534392388,
      0.22828736353556076,
      0.38591362027351184,
      0.4485678210588723,
      0.2851632363994473,
      0.5695966779699697,
      0.7535560753807113,
      0.21933013665668635,
      0.29069920893415724,
      0.7169442880283384,
      0.6392955569832832
    ],
    [
      0.6969297516663483,
      0.7508787553302061,
      0.7909130373306675,
      0.8028464975057488,
      0.8109742091202028,
      0.8006896089817849,
      0.40948782889759305,
      0.8939247433191029,
      0.2762707533854096,
      0.6966350554539884,
      0.4831708121758156,
      0.6082567032225576,
      0.6592460936627911,
      0.5555611507043686,
      0.9685796287522295,
      1.0,
      0.6158287586790268,
      0.6999312871626063,
      0.6494623282489141,
      0.8425439129604319,
      0.3073465682030725,
      0.423670952330159,
      0.4277535367266395,
      0.4080872777065292,
      0.6616860195422286,
      0.7586782825263503,
      0.24006851438876584,
      0.3549271073383822,
      0.7130725552989504,
      0.6199043973735324
    ],
    [
      0.5760202119927467,
      0.6603214371649629,
      0.5703850151441109,
      0.6785851605077308,
      0.5229639790934371,
      0.45415613441917807,
      0.3180007789108643,
      0.5096728822430648,
      0.0986914793601024,
      0.8734589843895348,
      0.3738176802843769,
      0.40368320653292883,
      0.47988053392603325,
      0.22103456230914822,
      0.7438802164082287,
      0.6158287586790268,
      1.0,
      0.9194546631706634,
      0.6768465024669645,
      0.6935094895653231,
      0.22693146328576355,
      0.30970488208430597,
      0.5275134138869388,
      0.3535699667846609,
      0.5730630793769705,
      0.8460696008950033,
      0.4149650110263019,
      0.26137619162199505,
      0.6100018108437292,
      0.6343703101007871
    ],
    [
      0.8524675846569444,
      0.8134930183292114,
      0.8769811994731189,
      0.6655426205637429,
      0.6144450756213302,
      0.685866488724397,
      0.3772215703736044,
      0.6125722166959792,
      0.22921883178254,
      0.9529964502501693,
      0.5032930069184153,
      0.5283426810905745,
      0.4974303383301044,
      0.471043616527794,
      0.8641825032806039,
      0.6999312871626063,
      0.9194546631706634,
      1.0,
      0.5567783849754544,
      0.8082167654362025,
      0.540067026024057,
      0.3534211303137721,
      0.497800445021048,
      0.46480439166813436,
      0.6450723965400482,
      0.9619504523388411,
      0.37145465324823196,
      0.33692260751574565,
      0.7086531043566916,
      0.8360906116434771
    ],
    [
      0.33790294373733337,
      0.7441635018244871,
      0.4356651873975199,
      0.9820609882245546,
      0.3773133528639858,
      0.3604273591200788,
      0.5162368186700469,
      0.5546425816181997,
      0.2617066085873683,
      0.44176549821768324,
      0.5903405130393151,
      0.6408327896667799,
      0.9451607061794423,
      0.31300433858312643,
      0.5799174949829706,
      0.6494623282489141,
      0.6768465024669645,
      0.5567783849754544,
      1.0,
      0.6576354349869892,
      0.32824990635705376,
      0.5044841948070955,
      0.6941073160567265,
      0.42422809685285284,
      0.7716302802838808,
      0.6383675615872914,
      0.5798961617554765,
      0.20639798376194102,
      0.5362558201261637,
      0.3510561187913486
    ],
    [
      0.7923865183924669,
      0.9085856318232219,
      0.7517854174987039,
      0.7968878293937146,
      0.662997516911544,
      0.8645260674675722,
      0.7036323540720418,
      0.7622520942531757,
      0.42558722189285264,
      0.6996601567248039,
      0.7205830916807855,
      0.7618271661287882,
      0.691303236945181,
      0.7064284952384733,
      0.8136036534392388,
      0.8425439129604319,
      0.6935094895653231,
      0.8082167654362025,
      0.6576354349869892,
      1.0,
      0.587866602832358,
      0.6269756181054605,
      0.6459398651045453,
      0.7013268771379739,
      0.7264683338005145,
      0.8781820617324069,
      0.5487938044338385,
      0.6191443391288601,
      0.6568265087677084,
      0.843241211826546
    ],
    [
      0.5492467634269101,
      0.7982682876612085,
      0.3760140104731263,
      0.4422603794833886,
      0.27805852746156917,
      0.34906319844614725,
      0.7264407990534001,
      0.2797386431571192,
      0.2323860718830542,
      0.19728274216313965,
      0.4610209685781404,
      0.5780237989516951,
      0.47337389954034337,
      0.44968062173955103,
      0.22828736353556076,
      0.3073465682030725,
      0.22693146328576355,
      0.540067026024057,
      0.32824990635705376,
      0.587866602832358,
      1.0,
      0.31300111379292384,
      0.34220580611072937,
      0.7709081753392851,
      0.5477425228277937,
      0.3999985116352911,
